0,396
0,395
0,394
0,393
0,392
0,391
0,390
0,389
0,273
0,270
30,4
30,3
30,2
30,1
30,0
0,388
29,4
0,278
0,387
0,386
0,385
0,384
0,243
29,3
29,2
29,1
29,0
28,3
28,2
28,1
28,0
27,52
27,51
27,50
27,49
27,48
27,47
27,46
27,45
27,44
27,43
27,42
27,41
27,40
27,39
27,38
27,37
27,36
27,35
3,1
3,3
10,117
10,155
10,205
10,111
10,181
10,163
10,145
10,211
11,12
11,16
11,5
11,19
9,7
9,5
8,11
8,16
8,12
8,14
8,17
20,2
20,1
20,3
19,2
19,1
19,3
26,5
26,4
26,3
26,2
26,1
26,0
25,3
25,2
25,1
25,0
24,3
24,2
24,1
24,0
12,3
12,2
12,1
11,30
11,29
11,28
